Inverse transformation:
x gaussian inverse
0.03171717171717172
0.10249845392702536
0.173279736136879
0.24406101834673266
0.31484230055658624
0.3856235827664399
0.45640486497629357
0.5271861471861472
0.5979674293960008
0.6687487116058545
0.739529993815708
0.8103112760255617
0.8810925582354154
0.951873840445269
1.0226551226551228
1.0934364048649763
1.16421768707483
1.2349989692846837
1.3057802514945374
1.376561533704391
1.4473428159142445
1.5181240981240984
1.588905380333952
1.6596866625438056
1.7304679447536593
1.801249226963513
1.8720305091733664
1.94281179138322
2.0135930735930736
2.084374355802927
2.1551556380127805
2.2259369202226345
2.296718202432488
2.367499484642342
2.4382807668521953
2.509062049062049
2.5798433312719027
2.650624613481756
2.72140589569161
2.792187177901464
2.862968460111317
2.933749742321171
3.004531024531025
3.075312306740878
3.1460935889507318
3.2168748711605857
3.287656153370439
3.3584374355802926
3.4292187177901465
3.5
3.570781282209854
3.641562564419707
3.712343846629561
3.7831251288394148
3.853906411049268
3.9246876932591217
3.9954689754689756
4.066250257678829
4.1370315398886826
4.2078128220985365
4.2785941043083895
4.349375386518243
4.420156668728097
4.49093795093795
4.561719233147804
4.632500515357658
4.703281797567512
4.774063079777366
4.844844361987219
4.915625644197073
4.986406926406927
5.057188208616781
5.127969490826634
5.198750773036488
5.269532055246341
5.340313337456195
5.4110946196660485
5.4818759018759025
5.552657184085756
5.6234384662956085
5.694219748505462
5.765001030715316
5.83578231292517
5.906563595135024
5.977344877344878
6.04812615955473
6.118907441764584
6.189688723974438
6.260470006184292
6.331251288394146
6.402032570604
6.472813852813853
6.543595135023707
6.614376417233561
6.685157699443414
6.755938981653268
6.8267202638631215
6.8975015460729745
6.968282828282828
y gaussian inverse
0.00015367452162748854
0.00020129646983917986
0.0002619038536403988
0.00034465144262706533
0.0004499729307164599
0.0005818770460120167
0.0007481182130077002
0.000958276254238512
0.0012227610868261378
0.001552956388686878
0.0019619334428811804
0.0024652031543922624
0.0030812340181160074
0.003831693478658935
0.004741496214054319
0.005838773736118707
0.007154851070198657
0.008724264320919195
0.010584803508871532
0.012777531825884054
0.015346719055174908
0.018339630538862926
0.021806127895874834
0.02579805737279677
0.030368421056421395
0.03557034186115667
0.04145584383597765
0.04807447511904041
0.0554718030628283
0.06368781139696532
0.07275522950683871
0.08269782531654139
0.09352869661467535
0.10524860103813058
0.11784437182396139
0.1312874738916721
0.14553276160116127
0.1605175043536982
0.17616074789259098
0.19236307681400186
0.20900683688676971
0.22595686419873737
0.24306175222103987
0.2601556683271358
0.2770607091550591
0.2935897607191285
0.3095498057392846
0.3247455986513614
0.3389836094896201
0.3520761224178961
0.36384536400911943
0.37412753102783614
0.3827765877383744
0.38966770861108607
0.3947002534043297
0.39780017737308104
0.398921798994416
0.3980488701442738
0.39519491804731893
0.3904028534505131
0.38374386425616175
0.37531563727488715
0.36523997191858015
0.35365986778993785
0.3407361826521294
0.3266439677786786
0.3115685939792944
0.29570178364753286
0.2792376621293953
0.26236893587114185
0.24528329560256557
0.22816013078400013
0.2111676272995601
0.19446030456642793
0.17817703151507416
0.16243954392928114
0.14735146903132637
0.13299784751200713
0.11944512891816213
0.10674160381596613
0.09491822574624793
0.08398976788032257
0.07395625357603858
0.06480459673573043
0.05651038690650733
0.049039755288881014
0.04235126101784996
0.03639774198562605
0.031128080783835735
0.026488843728049553
0.022425759051090753
0.018885008878126972
0.01581431820391537
0.013163832482167515
0.010886783341971478
0.008939949138041855
0.0072839233345994864
0.005883208976970171
0.004706161627248953
end.